Start time
0.091058 
0.183526 
0.778468 
1.379733 
1.585215 
2.955688 
6.701109 
6.922164 
7.148743 
7.262377 
7.643797 
7.873572 
8.591376 
8.852053 
8.854970 
9.018858 
9.969770 
10.781702 
11.076228 
11.085877 
11.158585 
12.418201 
13.118480 
13.429847 
13.561893 
14.891282 
15.803283 
17.181098 
21.088740 
22.310891 
22.630296 
22.791381 
23.304032 
23.870631 
24.622971 
25.843231 
26.205081 
26.372824 
26.756904 
28.737771 
28.945950 
29.741904 
33.276611 
33.686709 
34.167496 
35.570159 
36.342698 
38.911048 
39.603535 
40.032996 
42.384444 
42.665506 
43.061317 
43.089001 
43.878498 
44.311239 
45.108236 
45.189226 
45.848492 
46.583379 
46.691008 
49.060949 
49.322696 
49.872324 
50.618109 
51.047456 
51.072269 
53.345949 
54.373333 
55.035180 
55.964979 
58.179708 
58.670647 
59.008677 
60.490853 
60.612901 
60.975401 
61.916944 
62.197058 
63.011797 
63.420838 
64.243247 
64.633126 
64.816514 
65.922337 
66.301272 
66.447399 
67.113556 
67.229694 
67.253909 
67.698602 
68.235138 
68.314909 
68.381037 
68.571097 
68.849883 
69.276893 
70.630733 
71.409724 
71.516803 
72.526847 
73.303728 
73.771515 
74.242603 
78.413018 
79.590414 
80.289456 
80.607888 
82.111964 
84.067126 
85.904711 
86.700598 
86.821938 
87.166659 
87.246281 
88.057997 
89.052928 
89.072781 
89.845578 
89.878707 
90.043136 
90.461764 
91.532849 
92.581545 
94.710765 
97.138548 
98.427715 
98.667424 
99.165325 
99.358001 
101.020845 
101.069758 
101.184050 
101.353593 
102.141938 
102.729721 
102.990969 
103.020799 
103.525461 
104.003711 
104.076811 
104.830959 
105.178744 
105.288047 
105.697422 
107.433356 
108.356315 
110.216280 
110.832438 
110.894674 
112.078153 
112.441486 
112.707429 
113.351650 
114.432937 
114.442914 
115.338920 
115.653815 
116.320776 
116.669000 
119.612720 
120.776587 
121.404677 
122.181205 
123.229439 
124.462756 
124.470765 
124.553482 
124.725670 
125.885656 
125.890624 
127.198631 
128.160141 
128.266543 
129.806841 
130.695992 
131.565539 
132.340448 
132.482304 
132.923309 
133.230609 
133.465273 
133.655211 
134.033331 
134.641742 
134.853098 
136.043759 
136.091175 
136.237551 
136.387957 
137.680727 
139.832621 
139.846409 
140.071426 
140.116764 
140.295199 
140.413214 
140.563752 
141.847401 
142.242345 
143.433756 
143.837622 
144.044753 
144.290371 
144.616402 
145.187631 
146.631866 
146.828069 
146.935390 
147.563886 
148.441928 
148.482477 
149.425059 
150.386584 
150.630595 
152.180186 
152.417654 
155.210099 
155.635826 
155.912224 
157.164907 
157.231622 
157.462646 
158.131978 
158.287943 
158.540458 
159.723217 
160.305560 
161.400631 
161.810302 
162.528466 
163.181086 
165.599170 
166.635986 
167.671392 
168.647201 
168.750198 
168.916012 
169.013549 
169.061844 
169.707442 
170.270073 
170.863325 
172.148689 
173.066821 
173.688996 
174.180971 
174.321783 
175.392599 
175.895132 
175.984810 
176.516748 
176.973706 
177.219165 
177.470407 
177.830095 
180.004583 
181.087301 
181.664888 
182.361322 
182.441852 
182.652348 
184.174143 
184.524011 
185.039482 
185.197734 
185.604247 
185.681189 
187.103522 
187.556205 
187.743499 
187.790741 
188.357509 
188.435192 
189.794987 
193.033527 
194.145637 
194.924582 
196.045369 
197.208855 
199.001597 
199.673977 
199.696065 
199.745441 
